2771313274
2276033466
463812103
2921607388
2033824157
1435375875
3273279367
2116007848
2262936907
3251142306
1878697568
2497573823
2521671551
1894340962
1870943318
1051190187
353072306
2828219516
558010239
3401255075
1348131819
622187804
2124396076
3519074397
954577573
392850056
972204824
700824921
3451338937
1399412001
180778549
2101366982
933317051
324642362
933155459
3416745863
429001963
1268608239
903639605
1550919779
2874266273
999026397
319228833
4171569589
3431552799
1068448924
3332163664
3376477121
2478171862
4224826066
1993268492
2021234065
2379850973
3214836514
4026295376
2518212373
914696798
778830223
3575852062
1324688717
2890227091
868044635
917492888
1066927734
2434076862
3827192763
1900061601
2648593321
3924359745
2717947330
1613564080
1244479981
2640764627
3874559732
2706944261
437001469
1629221298
463335165
3597431715
420181644
3431120401
293108013
95540597
1079087878
682548480
3003942707
800418059
370132217
2389188869
2308965166
2746886600
2388194863
3085627051
3407089552
2163404939
898107075
2860613693
3254072652
4237200518
1689054498
3994910940
2136803638
1658844277
2020180524
974907309
325721359
1120872811
1275589203
2482693346
2094925173
4277344651
2505391637
3347050628
1038896630
1065344300
1439354969
1919292022
2776799401
4102623054
3222721740
2240612886
245082697
3814126060
1535411298
2267307956
3425166080
247139196
547120120
3037585800
1026476723
1206312659
2877986151
1705338198
1668361051
1555054724
415152034
2981249332
3602316246
2455240731
2915276316
207064883
1409856847
4003645917
2316959232
1289003448
1463674683
3967684601
1579471183
560955417
2620084773
